........................................
........................................
........................................
...O....................................
........................................
........................................
........................................
........................................
........................................
........................................
........................................
........................................
........................................
........................................
........................................
........................................
........................................
........................................
........................................
................................X.......
........................................
........................................
........................................
........................................
...
..*
.**
..*

1 1

.*.
**.
.*.
...


51 50 49 48 47 46 45 44 43 42 41 40 39 38 37 36 35 34 33 32 31 30 29 28 27 26 25 24 23 22 21 20 19 20 21 22 23 24 25 26 
50 49 48 47 46 45 44 43 42 41 40 39 38 37 36 35 34 33 32 31 30 29 28 27 26 25 24 23 22 21 20 19 18 19 20 21 22 23 24 25 
49 48 47 46 45 44 43 42 41 40 39 38 37 36 35 34 33 32 31 30 29 28 27 26 25 24 23 22 21 20 19 18 17 18 19 20 21 22 23 24 
48 47 46 -1 44 43 42 41 40 39 38 37 36 35 34 33 32 31 30 29 28 27 26 25 24 23 22 21 20 19 18 17 16 17 18 19 20 21 22 23 
47 46 45 44 43 42 41 40 39 38 37 36 35 34 33 32 31 30 29 28 27 26 25 24 23 22 21 20 19 18 17 16 15 16 17 18 19 20 21 22 
46 45 44 43 42 41 40 39 38 37 36 35 34 33 32 31 30 29 28 27 26 25 24 23 22 21 20 19 18 17 16 15 14 15 16 17 18 19 20 21 
45 44 43 42 41 40 39 38 37 36 35 34 33 32 31 30 29 28 27 26 25 24 23 22 21 20 19 18 17 16 15 14 13 14 15 16 17 18 19 20 
44 43 42 41 40 39 38 37 36 35 34 33 32 31 30 29 28 27 26 25 24 23 22 21 20 19 18 17 16 15 14 13 12 13 14 15 16 17 18 19 
43 42 41 40 39 38 37 36 35 34 33 32 31 30 29 28 27 26 25 24 23 22 21 20 19 18 17 16 15 14 13 12 11 12 13 14 15 16 17 18 
42 41 40 39 38 37 36 35 34 33 32 31 30 29 28 27 26 25 24 23 22 21 20 19 18 17 16 15 14 13 12 11 10 11 12 13 14 15 16 17 
41 40 39 38 37 36 35 34 33 32 31 30 29 28 27 26 25 24 23 22 21 20 19 18 17 16 15 14 13 12 11 10 9  10 11 12 13 14 15 16 
40 39 38 37 36 35 34 33 32 31 30 29 28 27 26 25 24 23 22 21 20 19 18 17 16 15 14 13 12 11 10 9  8  9  10 11 12 13 14 15 
39 38 37 36 35 34 33 32 31 30 29 28 27 26 25 24 23 22 21 20 19 18 17 16 15 14 13 12 11 10 9  8  7  8  9  10 11 12 13 14 
38 37 36 35 34 33 32 31 30 29 28 27 26 25 24 23 22 21 20 19 18 17 16 15 14 13 12 11 10 9  8  7  6  7  8  9  10 11 12 13 
37 36 35 34 33 32 31 30 29 28 27 26 25 24 23 22 21 20 19 18 17 16 15 14 13 12 11 10 9  8  7  6  5  6  7  8  9  10 11 12 
36 35 34 33 32 31 30 29 28 27 26 25 24 23 22 21 20 19 18 17 16 15 14 13 12 11 10 9  8  7  6  5  4  5  6  7  8  9  10 11 
35 34 33 32 31 30 29 28 27 26 25 24 23 22 21 20 19 18 17 16 15 14 13 12 11 10 9  8  7  6  5  4  3  4  5  6  7  8  9  10 
34 33 32 31 30 29 28 27 26 25 24 23 22 21 20 19 18 17 16 15 14 13 12 11 10 9  8  7  6  5  4  3  2  3  4  5  6  7  8  9  
33 32 31 30 29 28 27 26 25 24 23 22 21 20 19 18 17 16 15 14 13 12 11 10 9  8  7  6  5  4  3  2  1  2  3  4  5  6  7  8  
32 31 30 29 28 27 26 25 24 23 22 21 20 19 18 17 16 15 14 13 12 11 10 9  8  7  6  5  4  3  2  1  -2 1  2  3  4  5  6  7  
33 32 31 30 29 28 27 26 25 24 23 22 21 20 19 18 17 16 15 14 13 12 11 10 9  8  7  6  5  4  3  2  1  2  3  4  5  6  7  8  
34 33 32 31 30 29 28 27 26 25 24 23 22 21 20 19 18 17 16 15 14 13 12 11 10 9  8  7  6  5  4  3  2  3  4  5  6  7  8  9  
35 34 33 32 31 30 29 28 27 26 25 24 23 22 21 20 19 18 17 16 15 14 13 12 11 10 9  8  7  6  5  4  3  4  5  6  7  8  9  10 
36 35 34 33 32 31 30 29 28 27 26 25 24 23 22 21 20 19 18 17 16 15 14 13 12 11 10 9  8  7  6  5  4  5  6  7  8  9  10 11 
SUM: 64
POS: 0 0
